.Random.seed <-
c(403L, 10L, -63772100L, -1562908289L, 396616405L, 2056647404L, 
1988666434L, -414147683L, 2128474647L, 1993607038L, 1621566776L, 
718942747L, 1685699449L, 210623944L, -112533002L, -385584079L, 
426247779L, -1374045646L, 1388636036L, -2110679609L, -1646396259L, 
-824067052L, 1403148986L, 25721605L, -862969633L, -807323290L, 
2143743216L, 953030675L, -2019308111L, -1341241248L, -1716075010L, 
-345034359L, -235231557L, 413360778L, 677412204L, -1891972369L, 
-1186925275L, -1182301220L, -248434254L, -1200688979L, 219365479L, 
922036110L, -652816280L, 1732672619L, 1380886025L, 1280821400L, 
-938789946L, 1870382881L, -1625300045L, -564360414L, 1792228628L, 
-1229902441L, 1014928781L, 1255093412L, -149678454L, -1090712331L, 
962302799L, 634473558L, -1849078016L, -821769661L, -1189776927L, 
-1420110512L, -2134471762L, -1026954919L, -553216149L, -724064550L, 
1526998940L, -1036633185L, 785392117L, -1042557812L, 1679211874L, 
-1058639555L, -2053498441L, 651419230L, -1116264L, -660834565L, 
242843289L, 808855336L, 1297178070L, -1192951215L, 1391532291L, 
-2007509870L, -2069616092L, 654046439L, 278653245L, -146096716L, 
-138493414L, -209778331L, -1339672577L, -1620742522L, -901433840L, 
-98653005L, -2101205167L, 226691840L, -292113954L, 1580784169L, 
-391833125L, -74529046L, -1568430964L, -317428785L, 1097180037L, 
-110219204L, 48562450L, 826525197L, -942877369L, 741736238L, 
751030920L, 175485835L, -935795863L, -402301640L, -979931162L, 
1671178113L, 1320976147L, 2118994114L, 456385396L, 2046226295L, 
659593325L, -1010256124L, 1658979882L, 86633365L, -258011089L, 
-940496586L, -1917007520L, -1091614813L, -1284796223L, 807526576L, 
-1038962738L, 1616012089L, 386575179L, 1496547578L, -631932420L, 
-1816782273L, -328208619L, -1659634644L, 865641730L, 1664536029L, 
-38286121L, 611243966L, -2086501896L, -1399507493L, -1664197575L, 
1463741832L, -1192154826L, -1212632207L, -605343325L, -375247630L, 
1148579908L, -677698809L, 1543631581L, 2132073428L, 239770362L, 
-501383611L, 256059039L, 377469990L, 408885424L, 846389587L, 
-1470210959L, 1329144224L, -717652674L, 1190452297L, -2047944453L, 
-604991286L, -497506772L, 435354159L, 1315959525L, 1017104284L, 
1812738546L, -99984275L, -911888985L, 1404442574L, -864733912L, 
1348265771L, -496603831L, -1177882024L, -391951610L, 663004897L, 
-431869325L, -1728316702L, -1785510316L, -1629860009L, -1035508915L, 
-437319964L, -1482225974L, 2036811573L, -688542321L, -607352170L, 
482517568L, 1022567171L, -1637051615L, 622793744L, -1844808722L, 
-1955003495L, 1482800171L, -1820980966L, -1471845412L, 1202933215L, 
-1977230923L, -391530676L, 1758899618L, -1641300739L, 1390780919L, 
2127933214L, 693318104L, 1704864571L, -1679958823L, 999034984L, 
68760982L, -185332463L, 648380099L, 1039802066L, 500393828L, 
-1495500121L, -1279392771L, 1820497396L, 1981461210L, 371401765L, 
690702655L, -450965818L, -193526960L, 798088051L, -1147884143L, 
-1316884544L, 548071838L, -857115799L, -1121237093L, 1423855274L, 
-708589364L, 1533434255L, 1143066053L, -829227532L, 955214472L, 
1694066490L, -1650187952L, 401375340L, 158164372L, 1197110354L, 
-700337696L, 49803468L, -664913248L, 1493760386L, -1567552280L, 
-16706836L, 1766799676L, 1950381170L, 1580088944L, 589448740L, 
381528120L, -961686246L, 60625104L, 1898003772L, -276725868L, 
-1706819710L, 2142707648L, 991610428L, -595588720L, -826366942L, 
494663944L, -1151404916L, 495182620L, -456107886L, -506115712L, 
1732402196L, 1833803560L, -1335507398L, 151957968L, -1575014036L, 
333035444L, 369606162L, -791862304L, -1630935604L, -413825824L, 
395776034L, -425887960L, -1802127860L, -873131204L, -480185358L, 
1921018608L, 518203972L, 2092443224L, 898479930L, -521497616L, 
-1412602180L, 854730004L, 709357762L, -561046432L, -668059268L, 
1943427024L, -1470441182L, 592277160L, -1806500980L, 795925692L, 
-467615950L, 2016199232L, 826942644L, 1123484744L, 1600346554L, 
2062630416L, 172853484L, 1874778452L, -310274286L, -315624032L, 
-1962108212L, 128325216L, 368164802L, -695082200L, 270413228L, 
270594364L, 57728882L, 1932509488L, -1229107420L, -226122440L, 
570710746L, 2007943056L, -1537862916L, 1049055124L, -947533758L, 
610319616L, -1671910340L, 1940041040L, -64202590L, -706382008L, 
-1138510068L, -1273935140L, -1460243630L, 1261974144L, -116647852L, 
1872096232L, 1949628154L, 1217489232L, 234013484L, -445986956L, 
-1402215534L, -1665534368L, 444968844L, -1800252576L, -797800478L, 
1848999848L, -140649268L, -1438642692L, 1845554098L, -1200240144L, 
87910852L, -106847912L, 1469138298L, 441397680L, 1279233980L, 
-858222508L, -488004670L, 1525122080L, -1126802244L, 1983240784L, 
-307331102L, -907995544L, -1276683700L, -1917460228L, 724856818L, 
-222110464L, -368691340L, 1988386824L, -1373297222L, 1757773264L, 
337052652L, -1706115180L, -1955316782L, -1206159520L, -850008756L, 
91311392L, -417021054L, -896582936L, -1567791892L, 1038641724L, 
-1085256846L, 1518627440L, 604928036L, 531269432L, 1503947930L, 
-1427361072L, 1688797372L, 2051790484L, 954443394L, -44950336L, 
1105555772L, -799739760L, -1946179038L, -1363745272L, -2009448180L, 
-1104424292L, -912593390L, 1413148032L, -832823788L, -174057944L, 
579085626L, -282703920L, 1407373932L, 1417389876L, -371694958L, 
-1111017120L, -1147924148L, -1680642080L, -833413214L, 1884272552L, 
-2064446580L, -1365727556L, -1203221646L, 1316731120L, -1033955260L, 
179101016L, -1697541062L, 1846248304L, -58719172L, -600429804L, 
-673658430L, 561643744L, 1580971900L, -113402160L, -131987806L, 
-65027032L, -2038257396L, 1843884988L, 203324722L, 575299520L, 
-1605725644L, -1596449848L, -442129222L, 2095968144L, 1589106156L, 
1884569684L, 1459953298L, -1177847008L, 918326732L, -955499552L, 
-282393918L, -208233944L, 388742828L, 372888252L, 898691570L, 
-844592848L, 1170107556L, 461365944L, -2057311398L, -506139248L, 
516518268L, -1191015148L, 637675842L, 1653859072L, -479880260L, 
-234022064L, -570203870L, 1949195592L, 1335375884L, 1678375004L, 
-2134498094L, -2051356672L, -1507665068L, -826441240L, 1853192186L, 
974592600L, 133959286L, -1638460797L, -1805850939L, -351579166L, 
627199568L, -1485816967L, -1849995093L, -648185828L, -2003757238L, 
-1457066177L, -229002871L, 968307102L, 1166452812L, -965418467L, 
1308381095L, -82910512L, 1168667758L, 1587718939L, 1144874109L, 
-1640056214L, -1703703800L, 2111734705L, 2046723107L, -2085802716L, 
-2060637742L, 759052839L, 624092273L, 1154677430L, 157804116L, 
704383717L, -1033779473L, -1408986584L, 1232942726L, 875479219L, 
484398613L, 850860146L, 619889856L, -653043415L, -306159717L, 
1213773932L, -1685607302L, -966003281L, -1882360647L, 625950414L, 
-558302180L, 1237671821L, 976550391L, -1326215936L, 1403087710L, 
-508232661L, -160156883L, 1053482906L, 1198787928L, -1484169023L, 
-1916854413L, 1368122516L, 628461858L, 1214312503L, 1515421953L, 
851457030L, 703861316L, 956062581L, 2143764191L, -131151304L, 
1192378902L, -438176221L, 1653154277L, -2105331710L, 1032735344L, 
1863024665L, -53126645L, 1112633596L, 54619434L, -451710113L, 
-1547271447L, -2119726594L, 407295468L, -1811782339L, 1744538887L, 
1839410416L, -628117362L, -1813034309L, 1501635229L, 1834464842L, 
524254312L, 296490065L, 1501019971L, 1570581060L, 224422130L, 
1317508295L, -1373655407L, 2078437398L, -297911692L, 547585285L, 
578761551L, 1254513992L, 1976094950L, -24492525L, 1315314037L, 
-2147361454L, -513782368L, 1697823881L, -1237873477L, -2000838900L, 
-133597542L, 1908354063L, 1029679193L, 1071793390L, -1740750980L, 
-48845843L, -1526180713L, -2016829600L, -961177794L, -1899935733L, 
472871053L, -359241286L, -257062920L, 138584993L, 1076698451L, 
1923372148L, 1988347394L, 422582423L, -880162207L, 935477926L, 
-1694889308L, -704512171L, -1294777345L, 1629536920L, 1530980278L, 
506383427L, 1956554117L, -87933406L, -739515120L, 1811588281L, 
-1466979989L, 1624901724L, 143156618L, 1047282047L, -1567007543L, 
1489346910L, 1273655820L, 357512669L, 930671847L, -1851606768L, 
348727342L, -580808997L, -136869955L, -1680711382L, 132318664L, 
